

vec1 = [
303.684,488.628
301.015,490.426
298.317,492.176
295.59,493.876
292.836,495.527
290.055,497.128
287.248,498.679
284.417,500.179
281.562,501.629
278.683,503.026
275.783,504.372
272.861,505.666
269.92,506.907
266.958,508.095
263.979,509.23
260.982,510.312
257.969,511.34
254.94,512.315
251.897,513.235
248.84,514.101
245.771,514.913
242.69,515.669
239.598,516.372
236.497,517.019
233.386,517.611
230.269,518.147
227.144,518.629
224.013,519.055
220.878,519.426
217.739,519.741
214.597,520.001
211.453,520.205
208.308,520.354
205.163,520.448
202.019,520.486
198.877,520.469
195.738,520.396
192.603,520.269
189.473,520.086
186.349,519.849
183.231,519.557
180.122,519.21
177.02,518.809
173.929,518.353
170.848,517.844
167.779,517.281
164.722,516.665
161.679,515.995
158.649,515.272
155.635,514.497
152.638,513.669
149.657,512.789
146.694,511.858
143.75,510.875
140.826,509.841
137.922,508.757
135.04,507.622
132.18,506.438
129.343,505.205
126.53,503.922
123.743,502.592
120.98,501.213
118.245,499.787
115.536,498.314
112.856,496.794
110.205,495.229
107.583,493.618
104.992,491.962
102.432,490.263
99.9038,488.519
97.4085,486.733
94.9466,484.904
92.5188,483.033
90.126,481.121
87.7686,479.169
85.4476,477.177
83.1634,475.145
80.9167,473.075
78.7083,470.968
76.5387,468.823
74.4086,466.641
72.3185,464.424
70.2691,462.172
68.261,459.886
66.2946,457.566
64.3706,455.214
62.4895,452.829
60.6519,450.413
58.8581,447.967
57.1089,445.492
55.4045,442.987
53.7455,440.455
52.1324,437.896
50.5655,435.31
49.0454,432.698
47.5724,430.062
46.1469,427.402
44.7693,424.72
43.4399,422.015
42.1592,419.288
40.9274,416.542
39.7449,413.776
38.6119,410.991
37.5288,408.189
36.4958,405.369
35.5132,402.534
34.5812,399.684
33.7001,396.819
32.87,393.942
32.0912,391.052
31.3638,388.15
30.688,385.238
30.0639,382.317
29.4917,379.386
28.9715,376.448
28.5033,373.503
28.0872,370.552
27.7234,367.596
27.4119,364.636
27.1526,361.673
26.9456,358.707
26.791,355.74
26.6886,352.773
26.6385,349.806
26.6406,346.84
26.6949,343.877
26.8012,340.917
26.9595,337.961
27.1696,335.01
27.4314,332.066
27.7449,329.128
28.1098,326.197
28.5259,323.276
28.993,320.364
29.5111,317.462
30.0797,314.572
30.6988,311.694
31.3679,308.829
32.087,305.978
32.8556,303.141
33.6736,300.321
34.5405,297.517
35.4561,294.73
36.42,291.961
37.4318,289.212
38.4913,286.482
39.5979,283.773
40.7513,281.086
41.9512,278.421
43.197,275.779
44.4883,273.16
45.8247,270.567
47.2057,267.999
48.6308,265.457
50.0996,262.942
51.6115,260.455
53.166,257.996
54.7626,255.566
56.4007,253.167
58.0798,250.798
59.7993,248.46
61.5587,246.154
63.3573,243.881
65.1945,241.641
67.0698,239.435
68.9825,237.263
70.9319,235.127
72.9175,233.027
74.9386,230.963
76.9944,228.936
79.0844,226.947
81.2078,224.996
83.364,223.084
85.5522,221.211
87.7717,219.378
90.0219,217.586
92.3019,215.834
94.6111,214.124
96.9486,212.455
99.3138,210.829
101.706,209.246
104.124,207.706
106.568,206.209
109.036,204.757
111.527,203.349
114.042,201.986
116.579,200.668
119.137,199.395
121.716,198.169
124.314,196.989
126.932,195.855
129.567,194.768
132.22,193.728
134.889,192.736
137.573,191.791
140.272,190.894
142.985,190.046
145.711,189.245
148.449,188.493
151.199,187.79

];

vec2 = [
    467.813,223.126
468.359,221.59
468.895,220.012
469.42,218.389
469.934,216.719
470.437,214.998
470.929,213.223
471.408,211.389
471.875,209.493
472.33,207.527
472.771,205.487
473.198,203.364
473.611,201.148
474.009,198.828
474.391,196.39
474.758,193.815
475.107,191.08
475.438,188.152
475.75,184.987
476.043,181.518
476.314,177.639
476.562,173.162
476.786,167.683
476.992,159.884
477.302,137.796
477.507,129.347
477.728,123.669
477.973,119.086
478.241,115.138
478.53,111.62
478.84,108.417
479.168,105.46
479.515,102.7
479.879,100.105
480.26,97.6494
480.655,95.3142
481.066,93.0847
481.492,90.9491
481.931,88.8977
482.383,86.9226
482.849,85.0169
483.326,83.175
483.816,81.3921
484.318,79.6639
484.831,77.9868
485.354,76.3576
485.889,74.7734
486.433,73.2319
486.988,71.7307
487.553,70.2678
488.127,68.8415
488.71,67.4501
489.302,66.0922
489.903,64.7664
490.512,63.4715
491.13,62.2065
491.755,60.9703
492.388,59.7619
493.029,58.5804
493.677,57.4252
494.333,56.2955
494.995,55.1905
495.664,54.1096
496.34,53.0522
497.022,52.0179
497.71,51.0059
498.404,50.016
499.104,49.0475
499.809,48.1002
500.52,47.1735
501.236,46.2671
501.957,45.3807
502.684,44.5138
503.415,43.6662
504.15,42.8376
504.89,42.0277
505.634,41.2361
506.382,40.4627
507.134,39.7072
507.89,38.9694
508.65,38.2489
509.413,37.5457
510.179,36.8594
510.948,36.1899
511.72,35.537
512.496,34.9006
513.273,34.2803
514.054,33.6761
514.836,33.0877
515.621,32.5151
516.408,31.9581
517.197,31.4164
517.988,30.89
518.78,30.3788
519.574,29.8825
520.369,29.401
521.165,28.9342
521.963,28.482
522.761,28.0443
523.56,27.6209
524.36,27.2116
525.161,26.8165
525.961,26.4353
526.762,26.068
527.563,25.7143
528.364,25.3743
529.165,25.0478
529.966,24.7347
530.766,24.4349
531.566,24.1483
532.365,23.8747
533.163,23.6141
533.96,23.3664
534.757,23.1315
535.552,22.9092
536.345,22.6994
537.138,22.5022
537.929,22.3172
538.718,22.1446
539.505,21.9841
540.29,21.8356
541.074,21.6991
541.855,21.5745
542.634,21.4616
543.411,21.3604
544.185,21.2708
544.956,21.1926
545.725,21.1259
546.491,21.0703
547.254,21.026
548.014,20.9927
548.77,20.9704
549.524,20.959
550.274,20.9584
551.021,20.9685
551.764,20.9891
552.503,21.0203
553.239,21.0618
553.97,21.1136
554.698,21.1756
555.421,21.2477
556.141,21.3298
556.856,21.4218
557.566,21.5235
558.272,21.635
558.974,21.756
559.671,21.8865
560.363,22.0264
561.05,22.1756
561.732,22.334
562.41,22.5014
563.082,22.6778
563.749,22.8631
564.41,23.0571
565.067,23.2598
565.717,23.4711
566.363,23.6908
567.002,23.9188
567.636,24.1551
568.264,24.3995
568.886,24.652
569.503,24.9124
570.113,25.1805
570.717,25.4564
571.315,25.7399
571.907,26.0309
572.492,26.3292
573.072,26.6348
573.644,26.9476
574.21,27.2675
574.77,27.5942
575.323,27.9278
575.87,28.2682
576.409,28.6151
576.942,28.9685
577.468,29.3284
577.987,29.6945
578.499,30.0667
579.004,30.445
579.502,30.8293
579.993,31.2194
580.476,31.6152
580.953,32.0166
581.422,32.4235
581.884,32.8357
582.338,33.2532
582.785,33.6759
583.225,34.1036
583.657,34.5362
584.081,34.9737
584.499,35.4158
584.908,35.8625
585.31,36.3136
585.704,36.7691
586.09,37.2288
586.469,37.6927
586.84,38.1606
587.203,38.6323
587.558,39.1078
587.906,39.587

];

